0,386
0,243
0,474
0,472
112,35
3,2
3,1
3,3
10,82
10,8
10,10
10,154
10,204
10,270
9,7
8,2
8,3
64,9
64,8
64,7
64,6
64,5
64,4
64,3
64,2
64,1
64,0
23,7
23,6
23,5
23,4
23,3
23,2
23,1
23,0
20,3
20,2
20,1
12,3
19,2
12,2
19,1
12,1
11,28
11,27
11,26
11,25
19,3
11,24
11,23
11,22
11,21
11,20
11,19
11,18
11,17
11,16
11,15
11,14
11,13
11,12
11,11
11,10
11,9
11,8
11,7
11,6
11,5
11,4
11,3
11,2
11,1
10,303
10,302
10,301
10,300
10,299
10,298
10,297
10,296
10,295
10,294
10,293
10,291
10,289
10,288
10,287
10,286
10,284
10,283
10,282
10,281
10,278
10,277
10,276
10,275
10,274
10,273
10,272
10,269
10,268
10,265
10,264
10,261
10,258
10,257
10,253
10,235
10,225
10,224
10,218
10,210
10,200
10,194
10,188
10,166
10,164
18,1
